100179
100332
100477
100733
101198
101401
101479
101603
101659
101746
101780
10251
102524
10290
103125
103176
103341
103569
103956
104235
104538
104624
104986
105372
105487
105628
106079
106267
106427
106793
106832
10690
10735
107745
107786
107916
108162
108468
108506
108637
108797
108842
109188
109693
10995
110190
110290
110414
11045
110459
11048
111426
111796
111872
11188
112182
112561
11275
11277
113555
113636
113753
113792
114094
114291
114804
114858
115204
115263
115401
115419
115420
115715
115873
116352
116458
116766
117226
117259
117346
117666
118061
118155
------
118297
118614
118688
119602
120600
12068
121206
121461
121628
121719
12211
122114
122311
122484
122679
122691
122763
122935
123273
123736
123886
124207
124391
124479
124489
124684
124937
124982
1253
125488
125701
125908
125966
126026
126027
126119
126151
126161
12659
126758
126823
126934
12697
127172
127174
127195
127668
127789
128318
128619
129317
129397
129544
129635
129797
129889
130057
130535
130824
131143
131245
131281
131316
131324
131440
131995
132146
132188
132299
132607
133366
133404
133521
133547
133594
133812
134047
134975
135051
135077
135398
135451
135672
13623
136325
136337
136377
136841
136889
137130
137133
137385
13750
138154
138193
138723
138924
138991
139118
139165
13920
139229
139336
139556
139830
139938
140399
14044
141170
141329
141464
141763
142090
142248
14232
142335
142343
142435
142761
143007
143289
143363
143428
143462
143494
143516
14352
143658
143942
144183
144358
144438
1451
145241
145360
14546
145464
14554
145754
145936
146062
146293
146559
146758
147043
147394
147431
147833
148048
148130
148241
148382
148862
148903
149424
149538
149634
149898
149968
15004
150080
150205
150536
150720
151019
15107
151366
151392
15141
151555
152490
152572
152870
153069
153720
153742
153925
154290
15462
155392
155400
155471
155725
15578
155789
15665
156680
156850
157011
157044
157114
157264
157989
158017
158069
158160
158168
158263
158730
159244
159358
159503
16011
160629
160657
160691
160718
160762
160940
161381
161425
161493
162056
16208
162327
162715
162788
163789
163910
16442
164609
164840
164985
165746
165995
166545
166676
1667
16675
166874
166875
166979
166988
----
167174
167336
167462
167658
167733
167959
168068
168373
168627
168647
168684
168695
168757
168855
168976
169060
169074
169112
169191
169665
170153
170193
170245
171148
171212
171227
171302
171346
171397
171914
172454
173323
173761
173835
173856
174065
174161
174431
175210
175261
175491
175957
175967
175981
176184
176263
176341
176574
176583
17710
177105
177293
177799
177803
178437
178637
178701
178844
178972
179120
179369
17938
179919
17992
180193
180296
180520
180581
181467
181557
181883
182078
182195
182323
182357
182698
182927
183097
183320
183360
183832
183905
184491
184544
184835
18506
185176
186081
186161
186587
186914
186932
186934
186935
187030
187174
187407
187585
187596
187671
187907
187922
187942
188041
188439
189136
189221
189225
189267
189337
189375
189664
190008
190133
190153
191374
191445
191770
191780
191859
191901
192197
192284
19240
192749
192773
193278
193652
193846
194291
------
194624
19482
195101
195114
19568
195825
196222
196559
19657
196695
19672
196784
196909
197314
197609
197642
197937
198
19811
198189
198354
198968
199281
199823
199829
200089
20049
200548
200627
200971
201042
201174
201651
201713
201747
201834
202030
202055
202060
202867
203001
203203
203487
203898
203981
204040
204060
204565
204731
205067
205116
205142
205731
205856
205918
205922
205999
206204
206413
206806
206822
207176
207187
207239
207561
207703
208236
208461
208990
209437
2097
210039
210041
21031
210443
210671
21074
210773
211042
211133
21115
211493
211554
211654
211820
211897
211955
21202
212772
212795
21280
212997
213115
213367
213498
213533
213969
214191
214217
214271
214722
214803
214952
215105
215254
215275
21544
215481
215511
21612
216225
216348
216487
216488
216748
216967
217208
21748
217765
21781
217987
218112
218267
218844
21901
219363
219669
